#hilos_archivos #hilos_max #cant_archivos maximum maximum2
20 4 1000 6.39541 13.4281 
20 8 1000 6.50952 13.444 
20 12 1000 6.41415 13.5142 
20 16 1000 6.45636 13.3747 
20 20 1000 6.51249 13.4082 
20 24 1000 6.40128 13.4244 
40 4 1000 6.52909 13.5409 
40 8 1000 6.45315 13.374 
40 12 1000 6.49726 13.4404 
40 16 1000 6.46576 13.6311 
40 20 1000 6.46836 13.4053 
40 24 1000 6.43284 13.3883 
60 4 1000 6.55666 13.5257 
60 8 1000 6.59701 13.5257 
60 12 1000 6.46236 13.3764 
60 16 1000 6.44885 13.5804 
60 20 1000 6.5588 13.5636 
60 24 1000 6.53611 13.5316 
80 4 1000 6.61094 13.7217 
80 8 1000 6.58416 13.8192 
80 12 1000 6.47321 13.5094 
80 16 1000 6.48574 13.5095 
80 20 1000 6.49451 13.6642 
80 24 1000 6.47083 13.6308 
100 4 1000 6.56456 14.0488 
100 8 1000 6.54976 14.0376 
100 12 1000 6.55929 13.4648 
100 16 1000 6.4772 13.8495 
100 20 1000 6.59338 13.4065 
100 24 1000 6.50235 13.9675 
120 4 1000 6.61881 14.045 
120 8 1000 6.63262 13.9521 
120 12 1000 6.49202 14.421 
120 16 1000 6.49208 14.2008 
120 20 1000 6.56821 14.331 
120 24 1000 6.58573 14.1504 
140 4 1000 6.64904 14.4561 
140 8 1000 6.5641 14.4067 
140 12 1000 6.54488 14.0575 
140 16 1000 6.51631 14.1694 
140 20 1000 6.53597 14.3447 
140 24 1000 6.53653 14.3143 
160 4 1000 6.54493 13.5487 
160 8 1000 6.52388 14.5141 
160 12 1000 6.56089 14.0619 
160 16 1000 6.63243 14.1875 
160 20 1000 6.59175 14.3187 
160 24 1000 6.51047 14.2857 
180 4 1000 6.55154 14.3357 
180 8 1000 6.6038 14.1874 
180 12 1000 6.612 14.263 
180 16 1000 6.60125 14.4449 
180 20 1000 6.64579 13.9882 
180 24 1000 6.53749 14.3895 
200 4 1000 6.59191 14.5949 
200 8 1000 6.50859 14.48 
200 12 1000 6.56389 14.3543 
200 16 1000 6.51843 14.245 
200 20 1000 6.66333 14.271 
200 24 1000 6.53543 13.9966 
220 4 1000 6.57443 14.2357 
220 8 1000 6.54873 13.9994 
220 12 1000 6.68318 14.1938 
220 16 1000 6.57202 14.7225 
220 20 1000 6.64685 14.3678 
220 24 1000 6.61228 14.2695 
240 4 1000 6.62766 13.8079 
240 8 1000 6.59129 14.5622 
240 12 1000 6.6282 14.5612 
240 16 1000 6.5902 14.4637 
240 20 1000 6.56274 14.3711 
240 24 1000 6.66067 14.0884 
260 4 1000 6.62366 13.6642 
260 8 1000 6.59726 14.5548 
260 12 1000 6.69658 14.0404 
260 16 1000 6.75067 14.1312 
260 20 1000 6.70153 14.4222 
260 24 1000 6.67358 13.982 
280 4 1000 6.66993 14.8497 
280 8 1000 6.73746 14.5962 
280 12 1000 6.71116 14.2712 
280 16 1000 6.67172 14.1579 
280 20 1000 6.65435 14.3384 
280 24 1000 6.59993 14.4374 
300 4 1000 6.64624 13.5988 
300 8 1000 6.65755 14.4309 
300 12 1000 6.68591 13.8713 
300 16 1000 6.64196 14.1687 
300 20 1000 6.64307 14.6439 
300 24 1000 6.54192 14.0383 
320 4 1000 6.66806 13.7699 
320 8 1000 6.55947 14.2258 
320 12 1000 6.62824 14.0303 
320 16 1000 6.64022 14.3063 
320 20 1000 6.65902 14.0686 
320 24 1000 6.71132 13.4826 
340 4 1000 6.60565 13.784 
340 8 1000 6.65275 14.7615 
340 12 1000 6.71176 14.3313 
340 16 1000 6.53247 14.2627 
340 20 1000 6.69053 14.5746 
340 24 1000 6.60786 13.8218 
360 4 1000 6.63716 14.3103 
360 8 1000 6.60694 14.3318 
360 12 1000 6.72669 14.3745 
360 16 1000 6.63752 14.2606 
360 20 1000 6.61679 14.2174 
360 24 1000 6.58534 13.9598 
380 4 1000 6.62595 14.1477 
380 8 1000 6.59852 13.5713 
380 12 1000 6.58496 14.2532 
380 16 1000 6.67608 14.3576 
380 20 1000 6.56692 14.3105 
380 24 1000 6.60664 14.4845 
400 4 1000 6.57922 14.7752 
400 8 1000 6.73162 14.9385 
400 12 1000 6.64126 14.3625 
400 16 1000 6.64375 13.7684 
400 20 1000 6.61848 14.5297 
400 24 1000 6.61893 14.489 
