#hilos_archivos #hilos_max #cant_archivos maximum maximum2
2 1 1000 6.39632 11.0653
2 1 2000 12.6414 21.9488
2 1 3000 18.858 32.7973
2 1 4000 25.1595 43.8085
2 1 5000 31.4303 54.9089
2 2 1000 6.30975 10.8612
2 2 2000 12.5593 21.9026
2 2 3000 19.1238 33.2063
2 2 4000 25.3016 43.8925
2 2 5000 31.421 54.7883
2 3 1000 6.30308 10.934
2 3 2000 12.5789 21.8542
2 3 3000 18.931 32.8235
2 3 4000 25.6069 44.3468
2 3 5000 31.2974 54.6979
2 4 1000 6.25455 10.9008
2 4 2000 12.7369 22.068
2 4 3000 18.9632 33.0245
2 4 4000 25.1993 43.8353
2 4 5000 31.5174 54.7805
2 5 1000 6.3673 10.9535
2 5 2000 12.5657 21.9052
2 5 3000 18.7539 32.7352
2 5 4000 25.3134 44.0704
2 5 5000 31.2073 54.4887
4 1 1000 6.51775 10.9603
4 1 2000 13.0839 21.981
4 1 3000 19.4502 32.9242
4 1 4000 25.8484 44.1094
4 1 5000 32.4423 55.1138
4 2 1000 6.50677 10.9159
4 2 2000 13.0156 21.8865
4 2 3000 19.4455 32.8941
4 2 4000 26.3986 44.4429
4 2 5000 32.5042 54.6053
4 3 1000 6.51083 11.0093
4 3 2000 13.211 22.162
4 3 3000 19.4281 32.8399
4 3 4000 26.0804 43.9273
4 3 5000 32.4154 54.9896
4 4 1000 6.57188 10.9668
4 4 2000 12.9818 21.8205
4 4 3000 19.4911 32.9362
4 4 4000 26.0314 44.1441
4 4 5000 32.5136 54.8908
4 5 1000 6.49299 10.9713
4 5 2000 13.0438 22.0007
4 5 3000 19.5287 33.0606
4 5 4000 25.9996 43.9369
4 5 5000 32.4128 55.0451
6 1 1000 6.55736 13.5934
6 1 2000 13.1338 27.1193
6 1 3000 19.6264 40.6038
6 1 4000 25.9967 54.2775
6 1 5000 32.6693 68.0259
6 2 1000 6.58305 13.5206
6 2 2000 13.0586 26.9838
6 2 3000 19.5872 40.5191
6 2 4000 26.5369 54.4967
6 2 5000 33.3893 68.3376
6 3 1000 6.56684 13.5627
6 3 2000 13.1678 27.1948
6 3 3000 19.5628 40.5559
6 3 4000 26.0274 54.1121
6 3 5000 33.2333 68.0971
6 4 1000 6.5334 13.4512
6 4 2000 13.0684 27.0107
6 4 3000 19.6041 40.5403
6 4 4000 25.9807 53.9333
6 4 5000 32.5154 67.6858
6 5 1000 6.55594 13.5375
6 5 2000 13.0957 27.1097
6 5 3000 19.5608 40.5531
6 5 4000 26.0025 54.1478
6 5 5000 32.6002 67.7984
8 1 1000 6.57977 13.6959
8 1 2000 13.1536 27.1179
8 1 3000 19.6837 40.8386
8 1 4000 26.2422 54.4935
8 1 5000 32.7692 68.0762
8 2 1000 6.521 13.6621
8 2 2000 13.4017 27.4313
8 2 3000 19.6703 41.0575
8 2 4000 26.6326 55.0342
8 2 5000 32.7299 68.3654
8 3 1000 6.60373 13.6469
8 3 2000 13.0802 27.2952
8 3 3000 19.714 40.8827
8 3 4000 26.677 54.6714
8 3 5000 33.2416 68.8371
8 4 1000 6.6564 13.7518
8 4 2000 13.1721 27.4162
8 4 3000 19.6995 40.9791
8 4 4000 26.1517 54.377
8 4 5000 32.7389 68.4122
8 5 1000 6.57579 13.6735
8 5 2000 13.0754 27.2441
8 5 3000 19.6669 40.7191
8 5 4000 26.2603 54.6039
8 5 5000 32.7172 68.3475
10 1 1000 6.59998 13.6098
10 1 2000 13.2658 27.2616
10 1 3000 19.833 41.0231
10 1 4000 26.4095 54.6555
10 1 5000 32.7832 68.3374
10 2 1000 6.56002 13.5691
10 2 2000 13.1287 27.1652
10 2 3000 19.7485 40.7928
10 2 4000 26.674 54.8359
10 2 5000 32.8378 68.1419
10 3 1000 6.591 13.6316
10 3 2000 13.1486 27.199
10 3 3000 19.7122 40.8758
10 3 4000 26.35 54.4636
10 3 5000 32.854 68.0136
10 4 1000 6.60847 13.5964
10 4 2000 13.2847 27.2755
10 4 3000 19.7267 40.7219
10 4 4000 26.4758 54.508
10 4 5000 33.0137 68.1825
10 5 1000 6.61685 13.6028
10 5 2000 13.377 27.3472
10 5 3000 19.7799 40.8646
10 5 4000 26.2261 54.69
10 5 5000 33.0062 67.8343
