#hilos_archivos #hilos_max #cant_archivos maximum maximum2
2 1 100 0.346596 0.270535 
2 1 200 1.16131 0.757158 
2 1 300 2.111 1.51414 
2 1 400 3.39455 2.41776 
2 1 500 5.06913 3.49326 
2 2 100 0.303547 0.223402 
2 2 200 1.0193 0.741194 
2 2 300 2.105 1.48871 
2 2 400 3.37864 2.44558 
2 2 500 5.06284 3.4826 
2 3 100 0.30934 0.22554 
2 3 200 1.01377 0.730673 
2 3 300 2.11432 1.4799 
2 3 400 3.71969 2.65804 
2 3 500 5.08444 3.49153 
2 4 100 0.299914 0.231058 
2 4 200 0.989766 0.737717 
2 4 300 2.11473 1.49401 
2 4 400 3.42549 2.40845 
2 4 500 5.05915 3.48706 
2 5 100 0.307689 0.226257 
2 5 200 0.992129 0.734665 
2 5 300 2.07303 1.52315 
2 5 400 3.38431 2.33316 
2 5 500 5.06752 3.47769 
4 1 100 0.311722 0.235594 
4 1 200 1.03366 0.752515 
4 1 300 2.15304 1.4999 
4 1 400 3.40648 2.34808 
4 1 500 5.05141 3.55304 
4 2 100 0.303115 0.232399 
4 2 200 1.03262 0.733398 
4 2 300 2.12765 1.49557 
4 2 400 3.42423 2.371 
4 2 500 5.09067 3.44161 
4 3 100 0.309538 0.239632 
4 3 200 1.05102 0.735872 
4 3 300 2.15075 1.45871 
4 3 400 3.73723 2.60128 
4 3 500 5.07786 3.46887 
4 4 100 0.302829 0.224786 
4 4 200 1.04409 0.73049 
4 4 300 2.12916 1.47061 
4 4 400 3.44153 2.32781 
4 4 500 5.04117 3.45698 
4 5 100 0.323195 0.221161 
4 5 200 1.02037 0.731368 
4 5 300 2.15829 1.48594 
4 5 400 3.45843 2.38699 
4 5 500 5.06916 3.53499 
6 1 100 0.322059 0.240604 
6 1 200 1.08924 0.790319 
6 1 300 2.32787 1.50744 
6 1 400 3.57239 2.35674 
6 1 500 5.24295 3.50649 
6 2 100 0.321982 0.235324 
6 2 200 1.06133 0.721118 
6 2 300 2.22507 1.47761 
6 2 400 3.83974 2.69423 
6 2 500 5.21913 3.49386 
6 3 100 0.340205 0.251441 
6 3 200 1.0768 0.765637 
6 3 300 2.21022 1.51125 
6 3 400 3.53489 2.37404 
6 3 500 5.2225 3.52813 
6 4 100 0.312613 0.232295 
6 4 200 1.06713 0.76909 
6 4 300 2.20587 1.51191 
6 4 400 3.54213 2.38398 
6 4 500 5.24024 3.57688 
6 5 100 0.313283 0.23093 
6 5 200 1.07078 0.716158 
6 5 300 2.21933 1.49666 
6 5 400 3.55434 2.31445 
6 5 500 5.22921 3.45159 
8 1 100 0.320676 0.227983 
8 1 200 1.15178 0.71064 
8 1 300 2.30564 1.47458 
8 1 400 3.63872 2.38764 
8 1 500 5.37768 3.47211 
8 2 100 0.337321 0.249226 
8 2 200 1.12413 0.761873 
8 2 300 2.29554 1.50031 
8 2 400 3.60864 2.37563 
8 2 500 5.34562 3.43513 
8 3 100 0.373853 0.237659 
8 3 200 1.16015 0.723201 
8 3 300 2.47675 1.65434 
8 3 400 3.66406 2.34329 
8 3 500 5.36043 3.50419 
8 4 100 0.35224 0.241001 
8 4 200 1.11919 0.721074 
8 4 300 2.34661 1.47442 
8 4 400 3.65126 2.32759 
8 4 500 5.33143 3.49009 
8 5 100 0.390166 0.257625 
8 5 200 1.1036 0.736996 
8 5 300 2.26558 1.50867 
8 5 400 3.66361 2.33356 
8 5 500 5.84135 3.95979 
10 1 100 0.360329 0.236731 
10 1 200 1.26517 0.753039 
10 1 300 2.58491 1.52189 
10 1 400 4.09592 2.36939 
10 1 500 6.03807 3.52513 
10 2 100 0.376285 0.233931 
10 2 200 1.27069 0.739722 
10 2 300 2.52186 1.51882 
10 2 400 4.25146 2.43403 
10 2 500 6.02294 3.54163 
10 3 100 0.37554 0.236307 
10 3 200 1.20233 0.743746 
10 3 300 2.55224 1.52039 
10 3 400 4.06544 2.38952 
10 3 500 5.9819 3.48776 
10 4 100 0.381267 0.240097 
10 4 200 1.28547 0.734903 
10 4 300 2.56226 1.4938 
10 4 400 4.04699 2.46038 
10 4 500 6.44179 4.03256 
10 5 100 0.377319 0.240323 
10 5 200 1.25982 0.777946 
10 5 300 2.53323 1.53042 
10 5 400 4.15967 2.45791 
10 5 500 5.99247 3.58795 
20 4 100 0.440063 0.244059 
20 8 100 0.43917 0.240255 
20 12 100 0.469296 0.27949 
20 16 100 0.437195 0.252989 
20 20 100 0.446073 0.248699 
20 24 100 0.444836 0.247703 
40 4 100 0.437701 0.245846 
40 8 100 0.425967 0.246122 
40 12 100 0.435145 0.252751 
40 16 100 0.436019 0.24742 
40 20 100 0.44594 0.253831 
40 24 100 0.474342 0.27334 
60 4 100 0.474181 0.276713 
60 8 100 0.43699 0.24792 
60 12 100 0.451414 0.256359 
60 16 100 0.453279 0.256363 
60 20 100 0.438756 0.245686 
60 24 100 0.448541 0.250271 
80 4 100 0.440576 0.248937 
80 8 100 0.441586 0.248478 
80 12 100 0.479466 0.289503 
80 16 100 0.432485 0.246507 
80 20 100 0.461902 0.261025 
80 24 100 0.447087 0.252682 
100 4 100 0.461006 0.257477 
100 8 100 0.445953 0.247115 
100 12 100 0.439652 0.262256 
100 16 100 0.461783 0.257301 
100 20 100 0.451663 0.252401 
100 24 100 0.455928 0.260341 
120 4 100 0.46253 0.257525 
120 8 100 0.451523 0.250214 
120 12 100 0.452752 0.256966 
120 16 100 0.455651 0.261352 
120 20 100 0.453237 0.258908 
120 24 100 0.442478 0.252492 
140 4 100 0.479386 0.280249 
140 8 100 0.450835 0.249464 
140 12 100 0.460677 0.25838 
140 16 100 0.459057 0.253863 
140 20 100 0.454828 0.248348 
140 24 100 0.442235 0.26028 
160 4 100 0.446342 0.255938 
160 8 100 0.435926 0.254218 
160 12 100 0.46194 0.255126 
160 16 100 0.425067 0.249716 
160 20 100 0.443407 0.262425 
160 24 100 0.440513 0.255562 
180 4 100 0.446909 0.25145 
180 8 100 0.436919 0.253193 
180 12 100 0.46432 0.261265 
180 16 100 0.440174 0.249093 
180 20 100 0.448208 0.257797 
180 24 100 0.465059 0.255144 
200 4 100 0.488744 0.285879 
200 8 100 0.45187 0.253481 
200 12 100 0.458024 0.255886 
200 16 100 0.476786 0.281836 
200 20 100 0.478518 0.251149 
200 24 100 0.432667 0.25516 
220 4 100 0.443352 0.249602 
220 8 100 0.449099 0.260281 
220 12 100 0.449462 0.256904 
220 16 100 0.440793 0.259466 
220 20 100 0.454721 0.259386 
220 24 100 0.461823 0.267241 
240 4 100 0.463977 0.264709 
240 8 100 0.482313 0.285257 
240 12 100 0.439511 0.258716 
240 16 100 0.479263 0.289426 
240 20 100 0.457434 0.250028 
240 24 100 0.4727 0.287564 
260 4 100 0.442924 0.254235 
260 8 100 0.457067 0.253442 
260 12 100 0.459526 0.255016 
260 16 100 0.457337 0.249598 
260 20 100 0.449217 0.260148 
260 24 100 0.451528 0.259628 
280 4 100 0.45212 0.258753 
280 8 100 0.460533 0.260604 
280 12 100 0.486485 0.285435 
280 16 100 0.440143 0.257568 
280 20 100 0.445477 0.259654 
280 24 100 0.448091 0.258658 
300 4 100 0.446928 0.263206 
300 8 100 0.435313 0.260614 
300 12 100 0.45386 0.265603 
300 16 100 0.454925 0.262625 
300 20 100 0.43277 0.25857 
300 24 100 0.448093 0.259029 
320 4 100 0.481354 0.2867 
320 8 100 0.450745 0.262586 
320 12 100 0.487089 0.294016 
320 16 100 0.458842 0.26405 
320 20 100 0.448486 0.260247 
320 24 100 0.450175 0.26504 
340 4 100 0.456718 0.260873 
340 8 100 0.468959 0.267666 
340 12 100 0.459663 0.26296 
340 16 100 0.441012 0.260957 
340 20 100 0.452174 0.262398 
340 24 100 0.465559 0.265298 
360 4 100 0.443829 0.261346 
360 8 100 0.449457 0.258331 
360 12 100 0.459538 0.261359 
360 16 100 0.457612 0.259822 
360 20 100 0.451775 0.264734 
360 24 100 0.479137 0.287766 
380 4 100 0.450855 0.262334 
380 8 100 0.452126 0.260102 
380 12 100 0.459053 0.258733 
380 16 100 0.462986 0.263436 
380 20 100 0.449925 0.259924 
380 24 100 0.457717 0.261297 
400 4 100 0.49102 0.283933 
400 8 100 0.45911 0.260297 
400 12 100 0.452361 0.248388 
400 16 100 0.453375 0.251747 
400 20 100 0.450922 0.250853 
400 24 100 0.446599 0.252263 
